time:4.663000000000001
time:5.116999999999999
time:4.600999999999999
time:4.876000000000001
time:4.924999999999997
time:4.841000000000001
mean:4.872