time:16.595
time:16.402
time:16.619
time:16.869999999999997
time:16.90599999999999
time:17.34400000000001
time:16.86699999999999
mean:16.9212